30 8 
19 8 
37 30 
52 50 
82 77 
46 22 
115 95 
57 49 
-0 
1 -0 
67 58 
63 60 
94 86 
103 90 
117 66 
108 87 
70 69 
92 65 
58 39 
73 68 
95 63 
93 73 
91 83 
119 94 
142 117 
-0 
28 27 
48 44 
32 27 
59 46 
82 80 
83 69 
86 84 
27 26 
134 106 
88 83 
4 3 
20 13 
20 15 
45 38 
9 7 
42 40 
77 52 
41 35 
41 37 
63 53 
153 101 
817 706 
1433 1330 
1425 1309 
1388 1357 
1369 1317 
1491 1352 
1385 1380 
1402 1321 
1347 1338 
1359 1333 
1368 1321 
1346 1333 
1325 1305 
1331 1317 
1312 1309 
1344 1323 
1401 1366 
1402 1363 
1356 1322 
1341 1327 
1413 1382 
1402 1383 
1420 1412 
1369 1348 
1487 1443 
1495 1440 
1542 1440 
1532 1397 
1424 1365 
1518 1353 
1536 1460 
1543 1534 
1591 1475 
1573 1540 
1523 1482 
1534 1527 
1455 1439 
1491 1441 
1413 1380 
1486 1484 
1490 1414 
1640 1445 
1553 1422 
1400 1369 
1664 1485 
1493 1411 
1465 1453 
1448 1394 
1522 1519 
1423 1403 
1413 1380 
1461 1388 
1457 1431 
