0.156147 0.0731433 0.0293918 0.0845262 0.903159 0.296701 0.920281 
0.654134 0.986245 0.08807 0.690503 0.22222 0.752188 0.184855 
0.346741 0.14188 0.469592 0.274899 0.280766 0.508104 0.14336 
0.244017 0.770687 0.371542 0.942354 0.530899 0.303917 0.315831 
0.537808 0.843993 0.516328 0.629306 0.520751 0.714808 0.772326 
0.794232 0.769873 0.588545 0.739087 0.804106 
0.25566 0.576451 0.252892 0.861891 0.930949 
0.786342 
0.0902694 0.447351 0.222464 0.388114 0.139527 0.510772 0.679221 
0.943861 0.603034 0.0244236 0.497747 0.372522 0.943046 0.840935 
0.243431 0.365778 0.184783 0.215191 0.612036 0.485375 0.216409 
0.137685 0.333362 0.444941 0.524621 0.777192 0.782058 0.670688 
0.492498 0.0076549 0.0621778 0.0964825 0.788541 0.0355551 0.925611 
0.559422 0.311438 0.793493 0.875867 0.581971 
0.314027 0.0666188 0.647692 0.356312 0.897065 
0.332007 
0.0671557 0.507468 0.261474 0.443435 0.143023 0.555277 0.749251 
0.974538 0.677621 0 0.535497 0.381335 1 0.846169 
0.227367 0.430001 0.183934 0.231421 0.68512 0.459867 0.210851 
0.0988121 0.313993 0.466717 0.538411 0.802738 0.762448 0.714453 
0.555891 0.0261955 0.0286405 0.0752696 0.860463 0.0553341 0.941069 
0.610026 0.304473 0.788705 0.884923 0.617462 
0.326806 0.0589365 0.652165 0.36952 0.981105 
0.31046 
0.162125 0.450384 0.256216 0.415322 0.181852 0.567882 0.697547 
0.9288 0.584417 0.0324787 0.511451 0.320847 1 0.862924 
0.181435 0.37426 0.172816 0.256881 0.627019 0.52724 0.187929 
0.143971 0.361781 0.49575 0.48917 0.779802 0.747393 0.655664 
0.477378 0 0.00223121 0.0574912 0.763331 0.067323 0.931725 
0.572891 0.379407 0.774452 0.781632 0.572259 
0.36639 0.0339061 0.607383 0.358747 0.88174 
0.292594 
0.20701 0.46997 0.234484 0.472637 0.187031 0.563664 0.716796 
0.994099 0.565023 0.0732362 0.564521 0.290559 1 0.881118 
0.190011 0.36647 0.197567 0.250659 0.636965 0.498743 0.221377 
0.102588 0.348072 0.541806 0.544868 0.779636 0.811221 0.644093 
0.450647 0.0209458 0.025571 0.0192283 0.791846 0.0930842 0.967094 
0.564516 0.373629 0.838872 0.810265 0.592521 
0.340132 0 0.623142 0.330623 0.960479 
0.305842 
0.162784 0.489112 0.24427 0.481389 0.200443 0.504131 0.67616 
1 0.575753 0.0644726 0.556017 0.28376 0.949261 0.824729 
0.207775 0.39802 0.147876 0.259104 0.600188 0.444907 0.189302 
0.125028 0.326328 0.50281 0.527358 0.744017 0.809829 0.592029 
0.41578 0.0299882 0.0334225 0.0188426 0.748824 0.0506066 0.940703 
0.497198 0.386521 0.778971 0.761231 0.536417 
0.301717 0.0195954 0.582409 0.325842 0.95987 
0.291556 
0.150646 0.504754 0.158611 0.453925 0.110353 0.48459 0.739848 
0.994209 0.519539 0.116888 0.529752 0.204581 0.989942 0.906011 
0.177058 0.358104 0.21707 0.220672 0.641293 0.522415 0.181861 
0.100017 0.2568 0.463454 0.485898 0.753264 0.734155 0.59483 
0.494502 0 0.00310902 0.0600346 0.794891 0.0499213 0.953851 
0.560224 0.332334 0.782908 0.772677 0.547424 
0.306709 0.045074 0.591114 0.342247 1 
0.354637 
0.107855 0.472413 0.156789 0.483828 0.122626 0.474969 0.698314 
1 0.516694 0.0887582 0.489476 0.164192 0.927594 0.836004 
0.17034 0.339291 0.236034 0.241857 0.584245 0.480621 0.166531 
0.137365 0.290033 0.494188 0.455175 0.761145 0.687962 0.533693 
0.49938 0 0.0177463 0.0581516 0.804979 0.0506699 0.914212 
0.571069 0.303335 0.708468 0.699411 0.494614 
0.286944 0.0247231 0.596204 0.311217 0.96093 
0.29601 
0.138784 0.456931 0.160776 0.452333 0.0717254 0.42337 0.639339 
1 0.54265 0.0987924 0.470604 0.153924 0.928423 0.824805 
0.1917 0.33888 0.268807 0.244465 0.580777 0.414913 0.190559 
0.119369 0.256728 0.46574 0.46556 0.775011 0.664399 0.490618 
0.496797 0 0.0148796 0.0404436 0.792057 0.0961252 0.881044 
0.509355 0.305199 0.693113 0.663701 0.477256 
0.2279 0.0229712 0.525506 0.324957 0.909937 
0.290127 
0.424955 0.618802 0.837761 0.575365 0.759476 0.921856 0.430108 
0.332987 0.177072 0.49609 0.726118 0.267848 0.0760638 0.156593 
0.00161517 0.287564 0.0590168 0.0736003 0.0684673 0.270943 0.338483 
0.586599 0.46187 0.475013 0.524345 0.877527 0.559374 0.651702 
0.0732078 0.535519 0.909244 0.916689 0.768561 0.983377 0.374645 
0.629784 0.507937 0.479067 0.168402 0.766259 
0.215167 0.320817 0.859898 0.39654 0.882775 
0.984946 
0.0956012 0.445908 0.090896 0.4981 0.123021 0.363624 0.659948 
1 0.582114 0.0901598 0.436707 0.138454 0.885851 0.839077 
0.193433 0.289577 0.264428 0.276674 0.590802 0.407348 0.134596 
0.125234 0.224861 0.440578 0.497358 0.70274 0.680869 0.405068 
0.465664 0.0413364 0.00312625 0.0522635 0.783346 0.0384858 0.839859 
0.501375 0.236508 0.712262 0.622879 0.408186 
0.24032 0.0366517 0.494681 0.370237 0.952884 
0.340367 
0.0979975 0.449464 0.135701 0.393365 0.127403 0.305432 0.588044 
1 0.577855 0.132119 0.333133 0.126191 0.809573 0.734925 
0.117485 0.20896 0.284839 0.260052 0.566134 0.387009 0.120291 
0.114267 0.249307 0.462546 0.429214 0.657599 0.646663 0.446444 
0.442242 0.0561728 0 0.0139378 0.662789 0.0473521 0.738241 
0.517937 0.305995 0.669697 0.603583 0.388327 
0.222256 0.00552844 0.467982 0.334299 0.825643 
0.339493 
0.026369 0.493239 0.117572 0.443019 0.0739797 0.367313 0.73893 
1 0.587146 0.0910801 0.452007 0.104672 0.861384 0.785766 
0.152263 0.285232 0.268687 0.279228 0.581704 0.47416 0.0845374 
0.0910852 0.275636 0.487002 0.51492 0.822969 0.585062 0.523127 
0.438545 0 0.0332509 0 0.707179 0.122074 0.778498 
0.512851 0.309292 0.71801 0.673384 0.467777 
0.310452 0 0.523947 0.336201 0.96517 
0.323789 
0 0.474872 0.0759659 0.483975 0.0603073 0.38375 0.768211 
1 0.61323 0.122342 0.479527 0.0795066 0.904266 0.807705 
0.149671 0.330183 0.328031 0.25773 0.653702 0.461256 0.0486072 
0.111543 0.270539 0.507932 0.512908 0.844544 0.629708 0.592471 
0.496395 0.00534613 0.000616015 0 0.773696 0.150203 0.787458 
0.557758 0.280958 0.720745 0.739026 0.507085 
0.336102 0 0.497467 0.344361 0.996405 
0.297062 
0.0801514 0.44302 0.0980488 0.483067 0.13946 0.345808 0.799198 
0.883338 0.511171 0.0857034 0.416085 0.0398705 0.818202 0.737795 
0.147728 0.329267 0.246923 0.267307 0.545644 0.457423 0.0672502 
0.0663048 0.330812 0.520827 0.518284 0.752841 0.626485 0.505163 
0.416432 0.0101046 0.0226853 0 0.700749 0.0652251 0.777458 
0.46174 0.246009 0.766855 0.622705 0.504708 
0.282264 0 0.500596 0.309539 1 
0.25916 
0.106362 0.447511 0.113649 0.433942 0.151329 0.371151 0.752402 
0.852421 0.48291 0.0709388 0.417943 0.0801872 0.819553 0.680661 
0.135275 0.367543 0.211446 0.279906 0.585588 0.497608 0.063039 
0.0831515 0.36645 0.547932 0.473558 0.694446 0.580596 0.526756 
0.409973 0.0270476 0.000626358 0 0.683568 0.0495063 0.738399 
0.472811 0.263223 0.801059 0.600453 0.486725 
0.25594 0 0.491321 0.288903 1 
0.219644 
0.108868 0.419764 0.106849 0.525555 0.193294 0.416388 0.917245 
0.967821 0.537183 0.0648997 0.47878 0.0145904 0.800089 0.780438 
0.160858 0.300453 0.218588 0.28563 0.554643 0.480569 0.0705578 
0.0654405 0.301941 0.555421 0.558161 0.817463 0.640132 0.533861 
0.405091 0.0380203 0.00573171 0.0239257 0.813097 0.031632 0.868122 
0.465015 0.251059 0.799561 0.677026 0.539508 
0.305584 0 0.511537 0.324954 1 
0.266008 
0.0905122 0.38402 0.139518 0.512019 0.173948 0.443336 0.948403 
0.934704 0.487991 0.0615785 0.432688 0.000356131 0.783185 0.80812 
0.152133 0.266054 0.184 0.270247 0.593465 0.524522 0.0219008 
0.0471103 0.346528 0.505129 0.565784 0.800283 0.660416 0.522507 
0.421243 0.00168996 0.00118868 0 0.848355 0.0594931 0.907551 
0.481703 0.270281 0.741755 0.695467 0.500122 
0.325283 0 0.494963 0.361074 1 
0.308926 
0.070641 0.327566 0.103469 0.512988 0.207107 0.414919 0.954536 
0.923751 0.48117 0.0263536 0.382371 0.0488614 0.807886 0.755848 
0.120113 0.225241 0.219536 0.247663 0.571335 0.471534 0.0428495 
0.0792486 0.363391 0.460871 0.549471 0.755148 0.667915 0.500995 
0.436477 0 0 0 0.876391 0.047721 0.885217 
0.46257 0.288467 0.743848 0.690423 0.444664 
0.306047 0.0269492 0.531987 0.392116 1 
0.302808 
0.085715 0.355026 0.13152 0.481541 0.173011 0.429296 0.903371 
0.867402 0.424272 0.0334556 0.371255 0.0216179 0.804936 0.71605 
0.15428 0.197689 0.213356 0.253155 0.504461 0.451999 0.0164695 
0.0318074 0.365723 0.417783 0.513173 0.687679 0.632045 0.497461 
0.394292 0.0207051 0.0279925 0 0.793023 0.0770657 0.883846 
0.451321 0.312069 0.737483 0.703622 0.454285 
0.251195 0 0.522324 0.36162 1 
0.307739 
0.128751 0.347992 0.0936472 0.525443 0.136796 0.444076 0.953739 
0.8667 0.453451 0.0361553 0.401523 0.0661199 0.84502 0.779992 
0.163202 0.171762 0.242739 0.271662 0.539311 0.501986 0.0515313 
0 0.362625 0.38515 0.522911 0.713405 0.694099 0.552032 
0.352689 0 0.0116157 0 0.76689 0.0806677 0.897901 
0.492406 0.335743 0.708744 0.765055 0.512561 
0.222647 0.0212893 0.48982 0.348988 1 
0.266527 
0.123567 0.295519 0.0493086 0.52445 0.164683 0.417554 0.930079 
0.816343 0.414198 0.0245019 0.380786 0.0940527 0.830324 0.805405 
0.203195 0.169729 0.247101 0.30573 0.520994 0.465231 0.0937236 
0.00611763 0.404083 0.419081 0.520561 0.71889 0.638123 0.587688 
0.299566 0 0.000740153 0 0.711105 0.10842 0.878734 
0.523302 0.351698 0.717926 0.725148 0.529367 
0.260748 0.0199755 0.514429 0.294927 1 
0.239849 
0.0902633 0.302904 0.0892741 0.525107 0.174829 0.401894 0.940745 
0.842318 0.419805 0.0319774 0.369303 0.0512926 0.824856 0.797879 
0.189416 0.169767 0.20771 0.255442 0.539768 0.499961 0.0355551 
0 0.370463 0.372371 0.496969 0.674161 0.653171 0.580828 
0.348518 0 0 0.0486108 0.800447 0.0413549 0.928611 
0.474732 0.343794 0.755285 0.72129 0.55145 
0.210454 0.0494309 0.470254 0.388757 1 
0.275374 
0.165791 0.27216 0.00763002 0.463376 0.143411 0.431677 0.958332 
0.846139 0.378692 0.0333408 0.357297 0.127768 0.844028 0.730086 
0.159115 0.186537 0.202507 0.288495 0.444269 0.469567 0.0688204 
0.0150893 0.408522 0.328281 0.470071 0.686927 0.643212 0.573711 
0.302593 0.0373844 0.00880678 0.0433205 0.752126 0.08258 0.83603 
0.46654 0.321302 0.740823 0.729834 0.563333 
0.336184 0 0.553317 0.288938 1 
0.290412 
0.122255 0.237332 0 0.465655 0.171612 0.475706 0.947971 
0.828922 0.417009 0 0.311135 0.0883029 0.842153 0.737058 
0.14917 0.217353 0.238121 0.311203 0.410562 0.522647 0.066852 
0.053052 0.399158 0.348857 0.469683 0.642099 0.685585 0.596743 
0.354723 0.0114909 0.0303084 0.0157838 0.715261 0.0359936 0.883245 
0.463742 0.294908 0.770113 0.723964 0.542432 
0.309873 0.0387981 0.597133 0.277046 1 
0.251812 
0.0791765 0.238925 0 0.420526 0.145411 0.441255 0.948247 
0.762854 0.40272 0.0156235 0.326295 0.0618479 0.851503 0.761437 
0.124985 0.183568 0.190537 0.276708 0.399565 0.535278 0.0428109 
0.0786744 0.379103 0.346732 0.479864 0.641604 0.656176 0.612499 
0.334676 0.0568907 0.0402229 0 0.672407 0 0.877096 
0.457628 0.310453 0.764472 0.6914 0.488411 
0.297545 0.0330625 0.625903 0.275453 1 
0.246193 
0.972622 0.654692 0.235595 0.248387 0.261179 0.666896 0.990151 
0.823748 0.19205 0.0777029 0.93927 0.813385 0.564828 0.283465 
0.721312 0.000907114 0.823712 0.207491 0.968041 0.402636 0.0572109 
0.706244 0.152476 0.950078 0.632501 0.92718 0.995052 0.289717 
0.824372 0.0860583 0.0952372 0.0258451 0.619109 0.874073 0.410711 
0.717788 0.698842 0.552015 0.678057 0.894563 
0.876166 0.335114 0.593901 0.300849 0.147283 
0.433572 
0.96589 0.636025 0.251988 0.241628 0.242307 0.616944 0.95329 
0.811496 0.231621 0.0873402 0.889434 0.783409 0.577393 0.238962 
0.73539 0 0.755409 0.244254 0.969577 0.35005 0.0467372 
0.650743 0.148309 0.925714 0.655896 0.913112 1 0.278776 
0.794106 0.0418482 0.126816 0.0576661 0.606463 0.845436 0.355518 
0.708523 0.675222 0.545675 0.625053 0.853886 
0.875765 0.367278 0.580893 0.291978 0.103142 
0.407584 
0.993553 0.592029 0.295503 0.262604 0.246353 0.575625 0.905544 
0.799643 0.195281 0.0905268 0.855831 0.807097 0.600852 0.262145 
0.683046 0.0295827 0.780598 0.242497 0.938363 0.316839 0.0796186 
0.606712 0.16135 0.901691 0.612976 0.873777 1 0.27338 
0.777694 0.0306699 0.113523 0.00895761 0.566754 0.830511 0.308165 
0.677477 0.622414 0.517948 0.595366 0.816953 
0.907309 0.351078 0.573034 0.254742 0.135068 
0.394198 
0.910727 0.652138 0.296784 0.257864 0.193218 0.553149 0.94289 
0.862786 0.159913 0.094242 0.841833 0.715372 0.585036 0.145347 
0.774331 0 0.770825 0.216186 0.946447 0.439562 0.136493 
0.590057 0.0966279 0.84911 0.707662 0.858532 1 0.291764 
0.832269 0.00227427 0.0682718 0.0340729 0.640366 0.797881 0.320196 
0.67512 0.568769 0.58918 0.625473 0.892069 
0.890379 0.338598 0.52908 0.328324 0.0505428 
0.363317 
0.855984 0.652881 0.303582 0.270847 0.149388 0.518531 0.921745 
0.898116 0.133721 0.114503 0.832969 0.691513 0.564254 0.0949974 
0.754336 0.01629 0.811391 0.191134 0.894329 0.41202 0.132639 
0.631715 0.0982897 0.794113 0.678621 0.867894 1 0.271909 
0.870651 0.0261543 0.030035 0.0611522 0.60848 0.829654 0.341187 
0.67107 0.593471 0.620685 0.592477 0.90859 
0.895108 0.297654 0.51347 0.318746 0.0948521 
0.377796 
1 0.52753 0.296142 0.179518 0.325362 0.553881 0.923581 
0.839161 0.290088 0 0.897569 0.898032 0.663582 0.330576 
0.646999 0.017913 0.872415 0.236644 0.945292 0.383257 0.0640527 
0.592105 0.131211 0.967886 0.645708 0.993653 0.969065 0.207296 
0.782858 0 0.0323055 0 0.550483 0.868495 0.382733 
0.739407 0.709719 0.565803 0.647116 0.909379 
0.995001 0.432361 0.602841 0.268162 0.173496 
0.395445 
0.978635 0.521038 0.324641 0.213712 0.32709 0.593311 0.938572 
0.813162 0.300085 0.037229 0.854434 0.921111 0.667312 0.360276 
0.612199 0.0134564 0.886703 0.267995 0.886242 0.331238 0.0310918 
0.569796 0.177246 0.909513 0.655381 0.932055 1 0.190473 
0.748693 0.0155373 0.0334561 0 0.530776 0.902409 0.348836 
0.731542 0.66529 0.566847 0.653095 0.920122 
0.951078 0.393424 0.581202 0.249581 0.194087 
0.360709 
0.987227 0.509585 0.319032 0.176259 0.335804 0.663897 0.972363 
0.812501 0.331534 0.00262643 0.929749 0.926449 0.715522 0.341945 
0.638593 0 0.889897 0.243201 0.93102 0.375962 0 
0.587027 0.181887 0.961884 0.685152 0.972367 1 0.210249 
0.742204 0 0.0246637 0.00400801 0.543553 0.917237 0.411029 
0.753895 0.69972 0.607301 0.650454 0.914954 
0.970651 0.457152 0.613743 0.208321 0.240022 
0.385516 
0.879766 0.486518 0.31032 0.19982 0.28863 0.573975 0.902712 
0.723328 0.262367 0.0201893 0.822279 0.798034 0.641289 0.254606 
0.560199 0.0472689 0.811122 0.284771 0.89209 0.348997 0.0785757 
0.540097 0.167018 0.869598 0.643755 0.818897 1 0.204239 
0.782575 0.0115963 0.0355663 0 0.532573 0.79337 0.277637 
0.654037 0.572186 0.584716 0.604679 0.844552 
0.903778 0.412084 0.562226 0.166215 0.246143 
0.375954 
0.87435 0.450011 0.285257 0.167685 0.252392 0.559426 0.918742 
0.762077 0.230258 0.0445392 0.818101 0.820353 0.660261 0.255271 
0.519235 0.0800901 0.810487 0.307985 0.847276 0.318588 0.0654454 
0.539408 0.170507 0.810595 0.621499 0.760929 1 0.194156 
0.801855 0.0347065 0.0252441 0 0.50588 0.754747 0.274033 
0.681253 0.518228 0.557057 0.569101 0.835456 
0.91357 0.363234 0.52509 0.171762 0.249583 
0.327398 
0.934482 0.888957 0.784723 0.813855 0.63325 0.337845 0.0843454 
0.0266305 0.953104 0.464239 0.418926 0.691646 0.118156 0.737887 
0.209292 0.668679 0.816578 0.599281 0.60355 0.0980611 0.0749638 
0.709121 0.327277 0.0160549 0.283963 0.399001 0.983615 0.104147 
0.65048 0.240303 0.340904 0.240738 0.310597 0.00413903 0.352124 
0.0537345 0.256319 0.265721 0.758477 0.147056 
0.257744 0.463072 0.699062 0.126103 0.829372 
0.511239 
0.928072 0.101084 0.0109149 0.184316 0.198396 0.725314 0.34909 
0.953806 0.810751 0.0449352 0.227871 0.476923 0.79079 0.538767 
0.179642 0.472681 0.234406 0.965023 0.842675 0.310372 0.783432 
0.0198494 0.895167 0.937559 0.66962 0.0773828 0.328624 0.801569 
0.151684 0.0669142 0.0701104 0.555499 0.503159 0.065747 0.123736 
0.866858 0.11588 0.787286 0.649831 0.694593 
0.895758 0.104303 0.973228 0.277073 0.272747 
0.0323782 
0.945386 0.130836 0 0.140108 0.222788 0.719589 0.319156 
0.942973 0.770527 0.00569943 0.224012 0.436622 0.823502 0.497568 
0.205079 0.425685 0.254897 0.908354 0.782907 0.266887 0.786814 
0.0100716 0.896578 0.913748 0.618078 0.0626247 0.295942 0.806973 
0.164431 0.047693 0.111111 0.581192 0.474519 0.0359637 0.151206 
0.866844 0.144295 0.770766 0.677236 0.635298 
0.857791 0.0592145 1 0.307142 0.227684 
0.0151748 
0.978346 0.100591 0.00610098 0.165807 0.206178 0.695927 0.414864 
0.970199 0.805802 0.0785419 0.288864 0.539958 0.846348 0.560254 
0.240426 0.4652 0.179007 0.971819 0.881076 0.40542 0.769189 
0.0677181 0.900873 1 0.755264 0.100055 0.374767 0.77554 
0.153075 0.00366513 0.0796798 0.635158 0.535389 0.109983 0.170679 
0.938042 0.140092 0.789889 0.622964 0.608495 
0.988073 0.145679 0.97532 0.263496 0.274918 
0 
0.114958 0.761462 0.424421 0.628452 0.827387 0.381107 0.0345805 
0.429413 0.130364 0.82659 0.493258 0.678475 0.54313 0.140961 
0.129016 0.862451 0.0302496 0.0092314 0.325119 0.357546 0.989637 
0.405901 0.213365 0.939469 0.696394 0.350991 0.0102723 0.330232 
0.89733 0.996247 0.719956 0.755571 0.877839 0.732695 0.04962 
0.472572 0.351963 0.350866 0.311966 0.526537 
0.528049 0.749925 0.463493 0.00891869 0.969209 
0.193383 
0.104151 0.721069 0.39052 0.579339 0.839512 0.416137 0.0657521 
0.443316 0.143901 0.82855 0.480257 0.62806 0.570099 0.155579 
0.0953455 0.838146 0.00679693 0 0.361424 0.305449 0.940608 
0.426332 0.227239 0.956425 0.708243 0.305137 0.00543642 0.310846 
0.877917 1 0.722734 0.776403 0.854963 0.686276 0.0931232 
0.465578 0.379942 0.359719 0.351986 0.502088 
0.537159 0.731326 0.43919 0.0420897 0.917611 
0.217071 
0.0532239 0.672947 0.373383 0.561203 0.783178 0.371124 0.08731 
0.442633 0.113834 0.753234 0.441038 0.641167 0.507954 0.107019 
0.116806 0.80732 0.00171143 0.00991482 0.320978 0.249287 0.859634 
0.436697 0.193734 0.943827 0.70405 0.295986 0.0383991 0.266594 
0.803029 1 0.71419 0.69611 0.783868 0.654819 0.095445 
0.463249 0.371323 0.304116 0.371727 0.433299 
0.538118 0.745858 0.427757 0.0682183 0.855541 
0.211831 
0.00797657 0.72871 0.381208 0.570499 0.792834 0.383272 0.0756758 
0.450177 0.106692 0.747404 0.465606 0.666988 0.542663 0.144197 
0.162834 0.775889 0.0139004 0 0.315474 0.248741 0.895312 
0.400191 0.239034 0.96621 0.695813 0.281565 0.0502091 0.240141 
0.813378 1 0.764998 0.749496 0.764712 0.630748 0.132187 
0.461429 0.411025 0.356091 0.337625 0.477248 
0.591888 0.798102 0.473534 0.0686352 0.846769 
0.203116 
0 0.75976 0.361098 0.516559 0.741821 0.394001 0.0859255 
0.441763 0.0933237 0.768955 0.474391 0.624777 0.574465 0.125254 
0.191063 0.774645 0.00920806 0.00754366 0.310427 0.218991 0.902386 
0.411973 0.229818 0.979412 0.701873 0.29817 0.0300151 0.205981 
0.831512 1 0.77031 0.68435 0.711011 0.574144 0.158453 
0.443606 0.361254 0.347864 0.373091 0.514297 
0.61101 0.823155 0.439386 0.05008 0.822427 
0.217432 
0.0491413 0.221278 0.0993797 0.957801 0.386291 0.522849 0.808762 
0.674945 0.913304 0.236458 0.0986662 0.520526 0.837354 0.610903 
0.403441 0.200076 0.418464 0.441156 0.708556 0.352245 0.723197 
0.232681 0.710671 0.767163 0.593657 0.61357 0.777183 0.151757 
0.264025 0.0178008 0.0493826 0.0720116 0.0614422 0.104633 0.735147 
0.493375 0.0829167 0.913292 0.314632 0.988849 
0.859762 0.907429 0.989525 0.195433 0.733576 
0.417931 
0.0213361 0.185718 0.0519085 0.930102 0.350664 0.494859 0.804298 
0.702229 0.877471 0.193808 0.0716194 0.554464 0.784173 0.574723 
0.361833 0.240198 0.414612 0.452171 0.645686 0.361834 0.714659 
0.224582 0.662848 0.751385 0.605164 0.593105 0.763584 0.139009 
0.209175 0 0.0209628 0.0330347 0.0132182 0.0917127 0.704973 
0.530025 0.0415541 0.844169 0.339055 0.994694 
0.839297 0.889637 1 0.180196 0.711339 
0.405998 
0 0.144879 0.0564889 0.863477 0.371573 0.483682 0.744041 
0.719671 0.896148 0.215435 0.0930238 0.513378 0.744487 0.547045 
0.384193 0.277846 0.402991 0.396222 0.670902 0.313939 0.675939 
0.188331 0.608176 0.74096 0.550426 0.590263 0.699374 0.122965 
0.206587 0 0.0289021 0 0 0.12321 0.719956 
0.485949 0.0862666 0.794282 0.321659 0.916406 
0.859456 0.838166 1 0.14965 0.691489 
0.411619 
0.00506904 0.167606 0.0325767 0.885413 0.316786 0.450962 0.771088 
0.793865 0.852371 0.211706 0.069635 0.536912 0.756732 0.508857 
0.289774 0.224169 0.379538 0.421488 0.647544 0.283861 0.785315 
0.221363 0.706533 0.682659 0.557129 0.594507 0.712494 0.079096 
0.178342 0 0.0148294 0.0160296 0 0.111955 0.728219 
0.590609 0.06245 0.853059 0.372975 1 
0.860345 0.856326 0.987179 0.187271 0.673785 
0.380085 
0 0.151197 0.0399983 0.867108 0.262421 0.411674 0.744535 
0.751748 0.796066 0.203851 0.019248 0.562344 0.760828 0.524685 
0.256644 0.239676 0.36791 0.380303 0.6575 0.271626 0.757506 
0.237059 0.659765 0.682199 0.515388 0.627062 0.692963 0.0818368 
0.186056 0.0027338 0.0088609 0 0 0.0647172 0.687043 
0.621169 0.0425867 0.809425 0.340244 0.96437 
0.874502 0.788328 1 0.18906 0.699638 
0.342929 
0.0784055 0.0691735 0 0.810788 0.376215 0.48021 0.662894 
0.774121 0.928932 0.128214 0 0.529015 0.727969 0.513065 
0.416478 0.231014 0.438968 0.385092 0.645576 0.276524 0.658942 
0.126982 0.574652 0.607628 0.483997 0.533881 0.625588 0.142382 
0.157394 0 0.00529895 0.0291142 0 0.0659821 0.650359 
0.359443 0.060042 0.716736 0.380284 0.889434 
0.908248 0.77891 1 0.0399141 0.608458 
0.310966 
0.0300154 0.00869455 0.0235851 0.910769 0.34949 0.452951 0.776599 
0.738607 0.895921 0.109002 0.0924679 0.476847 0.76792 0.548623 
0.47732 0.244769 0.45305 0.436111 0.667747 0.2572 0.63186 
0.189251 0.579566 0.57376 0.510856 0.539477 0.657858 0.109015 
0.135776 0 0.0280149 0 0.027045 0.114857 0.596186 
0.393146 0.150877 0.721879 0.339048 1 
0.924835 0.796354 0.992266 0.137497 0.691248 
0.259669 
0.0205902 0 0.059584 0.88838 0.353643 0.474784 0.718168 
0.768338 0.87117 0.0880943 0.0754468 0.460008 0.759925 0.545371 
0.4193 0.247604 0.435279 0.455689 0.627249 0.253693 0.611749 
0.215759 0.59595 0.559102 0.514712 0.539652 0.610244 0.0997875 
0.153446 0.00374907 0.00129004 0 0 0.13481 0.552888 
0.379712 0.16765 0.753642 0.369341 1 
0.889705 0.770347 0.954428 0.172413 0.721844 
0.266374 
0.0531896 0.0312438 0.0484796 0.917029 0.308784 0.450305 0.718209 
0.73816 0.864676 0.0908856 0.109368 0.462278 0.770697 0.54066 
0.420423 0.222995 0.406504 0.471965 0.612398 0.234505 0.574412 
0.173188 0.554942 0.593486 0.493643 0.547989 0.560962 0.127731 
0.168517 0.000354317 0.0186989 0 0.00765483 0.0978486 0.504453 
0.424903 0.124236 0.782362 0.343376 1 
0.861312 0.743515 0.938882 0.134927 0.742616 
0.275512 
0.0531896 0.0312438 0.0484796 0.917029 0.308784 0.450305 0.718209 
0.73816 0.864676 0.0908856 0.109368 0.462278 0.770697 0.54066 
0.420423 0.222995 0.406504 0.471965 0.612398 0.234505 0.574412 
0.173188 0.554942 0.593486 0.493643 0.547989 0.560962 0.127731 
0.168517 0.000354317 0.0186989 0 0.00765483 0.0978486 0.504453 
0.424903 0.124236 0.782362 0.343376 1 
0.861312 0.743515 0.938882 0.134927 0.742616 
0.275512 
0 0 0 1 0.307223 0.362413 0.724053 
0.739134 0.947318 0.0871159 0.0992571 0.523084 0.754631 0.54957 
0.476275 0.341851 0.438764 0.464395 0.633181 0.256535 0.63748 
0.13343 0.448917 0.507853 0.522556 0.545568 0.670516 0.105735 
0.103291 0 0.00409488 0 0.00498225 0.185523 0.614741 
0.404701 0.18141 0.881514 0.271863 0.982445 
0.876217 0.792198 0.979538 0.113803 0.692578 
0.225882 
0.0316213 0.0206762 0.0204494 0.942849 0.297965 0.402449 0.734356 
0.691055 0.889366 0.0461434 0.115379 0.475356 0.705842 0.554531 
0.446962 0.351566 0.461624 0.410586 0.645668 0.238255 0.668665 
0.103056 0.485019 0.467315 0.472022 0.5586 0.663551 0.12582 
0.126096 0 0.0168701 0 0 0.201775 0.56183 
0.430898 0.179591 0.847603 0.258744 0.944121 
0.879977 0.732122 1 0.101903 0.647635 
0.236165 
0.0120751 0.0546796 0.0193592 1 0.326568 0.367459 0.716304 
0.683916 0.966305 0.10273 0.0916082 0.606084 0.74619 0.504907 
0.518242 0.351141 0.382455 0.505645 0.694635 0.278508 0.676679 
0.11085 0.464353 0.44946 0.572452 0.530582 0.589282 0.128072 
0.13182 0 0.00761815 0 0 0.262244 0.58081 
0.455519 0.204508 0.860453 0.258921 0.991215 
0.858623 0.799073 0.994108 0.165112 0.630055 
0.284194 
0.0719902 0.0326109 0 0.906794 0.224575 0.384799 0.754891 
0.720708 0.853301 0.0411624 0.0725921 0.479235 0.757546 0.617755 
0.435167 0.446757 0.518482 0.485808 0.63399 0.237097 0.701633 
0.0351602 0.493391 0.425903 0.52132 0.568134 0.640354 0.123296 
0.0718549 0 0.00407991 0 0 0.241434 0.639832 
0.430575 0.189057 0.901398 0.242055 1 
0.916916 0.753126 0.960301 0.186339 0.682245 
0.219477 
0.033863 0.0416008 0.0304197 0.917805 0.233463 0.382 0.718832 
0.680148 0.85094 0.00090984 0.0796191 0.464948 0.730325 0.59069 
0.411912 0.415421 0.554777 0.48719 0.640473 0.279853 0.70783 
0.0309067 0.473963 0.43027 0.465612 0.537643 0.591723 0.0911921 
0.0740043 0.0131332 0.0232359 0 0 0.236199 0.6209 
0.435222 0.149539 0.894354 0.226388 1 
0.928313 0.777069 0.969163 0.170941 0.685198 
0.179774 
0.0729891 0.0153251 0.0376409 0.921166 0.186716 0.388204 0.722968 
0.739185 0.856368 0.00202157 0.0922058 0.457645 0.752012 0.598836 
0.471269 0.4797 0.515791 0.50545 0.679101 0.219084 0.669157 
0.0691854 0.481511 0.396291 0.486882 0.552863 0.663146 0.0732814 
0.0465407 0 0.00110647 0.0338332 0 0.22892 0.648938 
0.469671 0.139175 0.919639 0.240577 1 
0.8942 0.736819 0.949165 0.162845 0.700786 
0.241312 
0.116994 0.000447426 0.0819976 0.897495 0.21807 0.402239 0.733372 
0.691814 0.800051 0.00753806 0.0605111 0.444619 0.68384 0.555198 
0.456049 0.503626 0.453381 0.48129 0.637088 0.238759 0.614718 
0.0948724 0.501946 0.431423 0.431163 0.528265 0.653958 0.0980754 
0.0677757 0 0.0246442 0.0105275 0 0.187368 0.659947 
0.45813 0.127964 0.909667 0.237222 1 
0.851812 0.692854 0.938344 0.192475 0.664986 
0.272621 
0.137225 0.0105115 0 0.922997 0.227858 0.361441 0.719947 
0.713317 0.942205 0.0536915 0.107849 0.535112 0.651642 0.699481 
0.395167 0.386473 0.569547 0.514618 0.632588 0.250806 0.759209 
0.0110433 0.495251 0.390466 0.460246 0.507324 0.636177 0.00367848 
0.0795558 0 0.00360513 0.022282 0 0.251637 0.617592 
0.41921 0.143118 0.913981 0.128236 0.977952 
0.959087 0.801047 1 0.213606 0.751194 
0.199518 
0.156683 0.0132117 0.1243 0.824033 0.166945 0.433094 0.728233 
0.675224 0.753279 0 0.0617108 0.387161 0.633955 0.486624 
0.481287 0.527811 0.441924 0.50043 0.640734 0.232006 0.58961 
0.0706427 0.524186 0.454453 0.425237 0.525374 0.62944 0.0928353 
0.0828549 0 0.00739124 0 0.00953076 0.14479 0.674992 
0.476349 0.131353 0.871972 0.258785 1 
0.855883 0.626881 0.868753 0.210342 0.640439 
0.276177 
0.151562 0.011507 0.126626 0.808023 0.197262 0.472542 0.703717 
0.706904 0.698589 0 0.0897063 0.394177 0.670358 0.512185 
0.448183 0.48599 0.44038 0.528997 0.613275 0.257986 0.533602 
0.0728247 0.488811 0.454919 0.382216 0.545865 0.584795 0.085581 
0.104403 0 0.0105907 0 0.0139622 0.123258 0.643778 
0.430516 0.158283 0.897818 0.28853 1 
0.873923 0.63857 0.829197 0.205068 0.592129 
0.25982 
0.222006 0.0470189 0.210929 0.911538 0.115864 0.43834 0.802591 
0.671174 0.84737 0.0715198 0.126385 0.367044 0.565378 0.559226 
0.527984 0.557617 0.489533 0.514733 0.608492 0.324891 0.633035 
0 0.548906 0.360618 0.399183 0.516944 0.661031 0.112782 
0.109749 0.00786884 0.0168235 0 0 0.119739 0.759047 
0.532033 0.217714 0.932995 0.212657 1 
0.786069 0.673843 0.832362 0.342977 0.65381 
0.2815 
0.245389 0 0.196631 0.915844 0.0939243 0.46425 0.791723 
0.666425 0.775537 0.0990943 0.099731 0.335046 0.495207 0.517463 
0.471919 0.521815 0.457317 0.454534 0.600552 0.339089 0.597781 
0.0432021 0.508967 0.385213 0.383628 0.51383 0.657389 0.135073 
0.127994 0.0126506 0.0275079 0 0 0.0697549 0.712768 
0.515183 0.229157 0.854374 0.233958 1 
0.759095 0.595437 0.772278 0.33605 0.664584 
0.260496 
0.262435 0.038152 0.156037 0.853803 0.0726443 0.462193 0.731576 
0.613723 0.758297 0.0692602 0.133731 0.294214 0.516639 0.476344 
0.432855 0.458508 0.448776 0.463378 0.532828 0.370539 0.527779 
0.0322606 0.531237 0.346685 0.388704 0.45545 0.634358 0.16897 
0.152761 0.0127522 0.0175758 0 0 0.0733651 0.668455 
0.454361 0.241839 0.836089 0.178024 1 
0.690269 0.579039 0.722221 0.287382 0.656953 
0.212267 
0.262435 0.038152 0.156037 0.853803 0.0726443 0.462193 0.731576 
0.613723 0.758297 0.0692602 0.133731 0.294214 0.516639 0.476344 
0.432855 0.458508 0.448776 0.463378 0.532828 0.370539 0.527779 
0.0322606 0.531237 0.346685 0.388704 0.45545 0.634358 0.16897 
0.152761 0.0127522 0.0175758 0 0 0.0733651 0.668455 
0.454361 0.241839 0.836089 0.178024 1 
0.690269 0.579039 0.722221 0.287382 0.656953 
0.212267 
0.255523 0.00774827 0.117038 0.825699 0.0956047 0.439539 0.706753 
0.580433 0.767972 0.0570326 0.0909644 0.291553 0.535375 0.472402 
0.405432 0.457131 0.38832 0.46748 0.488546 0.391688 0.548523 
0.0050473 0.530326 0.330445 0.393377 0.455647 0.582171 0.130989 
0.124987 0 0.00754775 0.0142493 0.00294309 0.0605181 0.646024 
0.472448 0.198518 0.774665 0.183069 1 
0.664999 0.531383 0.691188 0.296165 0.630313 
0.176005 
0.267123 0.0204684 0.124457 0.770717 0.129837 0.393699 0.672601 
0.548185 0.770976 0.0239282 0.0700341 0.240412 0.522865 0.468975 
0.388566 0.477042 0.378404 0.495568 0.428882 0.353833 0.534847 
0 0.543814 0.310834 0.346963 0.423065 0.576091 0.131947 
0.107159 0 0.0150704 0 0 0.0552359 0.601521 
0.475565 0.182601 0.79957 0.174648 1 
0.632779 0.553828 0.634204 0.303223 0.657016 
0.165278 
0.247365 0.0349704 0.0838634 0.865097 0.113669 0.481104 0.735499 
0.619883 0.818786 0.0876596 0.0145784 0.284194 0.519932 0.464327 
0.353578 0.522132 0.442945 0.423285 0.570623 0.416607 0.551389 
0 0.613948 0.377046 0.390337 0.498951 0.709457 0.114102 
0.106016 0 0.0201328 0 0.0190092 0.0322058 0.729516 
0.515245 0.246906 0.808502 0.150845 1 
0.686141 0.55969 0.732527 0.349937 0.595775 
0.197541 
0.257232 0.0575717 0.0660787 0.896709 0.139213 0.465066 0.790004 
0.675639 0.839866 0.108754 0.0631603 0.320414 0.531652 0.4903 
0.395184 0.484958 0.458302 0.467625 0.594176 0.438748 0.54387 
0.0169608 0.66423 0.36743 0.38461 0.474749 0.703888 0.109876 
0.109364 0.0190555 0.0249648 0 0.00884365 0 0.715507 
0.51544 0.290719 0.858557 0.102772 1 
0.645364 0.552027 0.760428 0.340245 0.634186 
0.231266 
0.257232 0.0575717 0.0660787 0.896709 0.139213 0.465066 0.790004 
0.675639 0.839866 0.108754 0.0631603 0.320414 0.531652 0.4903 
0.395184 0.484958 0.458302 0.467625 0.594176 0.438748 0.54387 
0.0169608 0.66423 0.36743 0.38461 0.474749 0.703888 0.109876 
0.109364 0.0190555 0.0249648 0 0.00884365 0 0.715507 
0.51544 0.290719 0.858557 0.102772 1 
0.645364 0.552027 0.760428 0.340245 0.634186 
0.231266 
0.298153 0.0800401 0.0515473 0.976284 0.177319 0.460989 0.869174 
0.696609 0.869517 0.112699 0 0.240857 0.58621 0.573225 
0.430018 0.516126 0.517708 0.441873 0.620811 0.52276 0.540414 
0.0275966 0.64722 0.31116 0.426689 0.404767 0.725385 0.10505 
0.189399 0 0.0160863 0 0 0 0.683206 
0.47446 0.300155 0.880028 0.0817939 1 
0.663916 0.601634 0.762048 0.309787 0.584116 
0.192727 
0.23307 0.0416342 0.0827805 0.932175 0.104013 0.406623 0.781769 
0.648993 0.832826 0.117911 0 0.246992 0.445293 0.498785 
0.333971 0.549292 0.416668 0.380805 0.466856 0.393833 0.456745 
0.103468 0.649328 0.290487 0.354159 0.448844 0.634225 0.162942 
0.17225 0 0.0160088 0.00635943 0.0178095 0.0163881 0.703003 
0.528496 0.237551 0.814752 0.0909834 1 
0.55455 0.568527 0.674264 0.345687 0.573565 
0.24836 
0.24337 0.0806615 0.0191421 0.8666 0.138426 0.449939 0.780128 
0.652237 0.853859 0.0438583 0.0411597 0.302086 0.554882 0.517744 
0.438082 0.429281 0.508989 0.420661 0.552171 0.472908 0.484137 
0.0495246 0.594547 0.257929 0.385208 0.373918 0.670629 0.163572 
0.135145 0 0.0146157 0 0 0.00399147 0.626045 
0.47814 0.271449 0.799535 0.0161768 1 
0.648989 0.563638 0.750074 0.267023 0.593322 
0.190411 
0.237504 0.0907386 0.00924185 0.886296 0.164303 0.462217 0.829309 
0.648028 0.87905 0.0124401 0.0626187 0.271693 0.57496 0.503439 
0.403352 0.45193 0.487353 0.471005 0.582541 0.529576 0.457751 
0.0866742 0.622938 0.213526 0.355123 0.36991 0.63776 0.196248 
0.106595 0 0.000658669 0.000520865 0 0 0.633031 
0.480853 0.241324 0.775952 0 1 
0.634375 0.625646 0.734485 0.249118 0.651132 
0.189691 
0.272398 0.0833379 0 0.893241 0.150145 0.436819 0.774229 
0.674945 0.821521 0 0.0967986 0.302397 0.582526 0.507445 
0.355788 0.468755 0.493623 0.496679 0.607238 0.488722 0.410241 
0.0494103 0.624759 0.244277 0.387456 0.373374 0.594931 0.218414 
0.0580633 0.0172699 0.0159738 0 0 0 0.573087 
0.446904 0.209745 0.728586 0 1 
0.578777 0.571252 0.673345 0.245273 0.635122 
0.173199 
0.273316 0.0681892 0.0397147 0.84877 0.199896 0.490466 0.824277 
0.686016 0.930166 0 0.0179778 0.234025 0.589381 0.544601 
0.382285 0.483606 0.511248 0.461014 0.639291 0.513756 0.426987 
0.0929997 0.650679 0.265274 0.40249 0.371554 0.672234 0.242877 
0.0758665 0 0.0115898 0 0 0 0.6541 
0.499629 0.198831 0.798945 0.0343298 1 
0.617958 0.642487 0.701562 0.28996 0.620786 
0.162553 
0.318938 0.111632 0 0.853314 0.155175 0.482853 0.801549 
0.737177 0.925477 0 0.0109596 0.277395 0.608119 0.584376 
0.37714 0.521513 0.508661 0.493543 0.692097 0.539673 0.393238 
0.0804282 0.652299 0.292326 0.398396 0.43079 0.693577 0.247468 
0.0871347 0 0.0151187 0.01876 0.00154628 0.00609434 0.637421 
0.525424 0.175095 0.825387 0.0135607 1 
0.637393 0.709229 0.763507 0.333068 0.602715 
0.126009 
0.335383 0.153027 0.00436016 0.859048 0.19991 0.504506 0.830504 
0.764301 0.958521 0.0346079 0.0225774 0.249836 0.631218 0.637638 
0.434707 0.596677 0.583235 0.524338 0.738333 0.557674 0.375636 
0.0769698 0.689741 0.304627 0.449192 0.432458 0.709785 0.296201 
0.0742289 0 0.00387564 0 0 0 0.709384 
0.541175 0.158522 0.82601 0.0212231 1 
0.620137 0.761759 0.816385 0.387772 0.644089 
0.175748 
0.335383 0.153027 0.00436016 0.859048 0.19991 0.504506 0.830504 
0.764301 0.958521 0.0346079 0.0225774 0.249836 0.631218 0.637638 
0.434707 0.596677 0.583235 0.524338 0.738333 0.557674 0.375636 
0.0769698 0.689741 0.304627 0.449192 0.432458 0.709785 0.296201 
0.0742289 0 0.00387564 0 0 0 0.709384 
0.541175 0.158522 0.82601 0.0212231 1 
0.620137 0.761759 0.816385 0.387772 0.644089 
0.175748 
0.325301 0.120093 0.0265695 0.86338 0.218065 0.550338 0.820055 
0.795383 0.926568 0.0319168 0.0170163 0.234633 0.603748 0.643665 
0.427009 0.578344 0.628007 0.498536 0.709384 0.559714 0.344938 
0.0456971 0.744019 0.284477 0.491759 0.414438 0.749296 0.330716 
0.0286999 0 0.0102995 0 0 0 0.731962 
0.505122 0.196616 0.880581 0.00169863 1 
0.641981 0.755747 0.775758 0.423491 0.655751 
0.185446 
0.291435 0.129124 0 0.8103 0.220946 0.542874 0.787591 
0.78711 0.961718 0.0370128 0 0.203093 0.583107 0.616435 
0.385567 0.616863 0.585437 0.472219 0.673679 0.512438 0.313577 
0.0194538 0.706127 0.244728 0.498603 0.423661 0.757813 0.337424 
0.0156529 0 0.0127275 0 0.0443812 0 0.714933 
0.540434 0.165568 0.895101 0 1 
0.646042 0.732256 0.725908 0.453593 0.632365 
0.225872 
0.299298 0.0710088 0 0.821291 0.145978 0.565875 0.819622 
0.683 0.949544 0.0363101 0.0193206 0.277341 0.664592 0.561902 
0.404164 0.504623 0.540825 0.41695 0.728685 0.503691 0.423479 
0.123756 0.619156 0.323156 0.430982 0.50408 0.708426 0.233975 
0.105493 0 0.0154219 0 0 0.0302882 0.64437 
0.531279 0.174905 0.78846 0 1 
0.667847 0.667819 0.721829 0.293544 0.569295 
0.141663 
0.290089 0.0410566 0.0462246 0.862542 0.143928 0.53257 0.787799 
0.698308 0.981152 0.0710059 0.00508593 0.272818 0.7123 0.515182 
0.45331 0.503719 0.561967 0.397793 0.758482 0.516623 0.471723 
0.170068 0.577517 0.295377 0.442725 0.512577 0.701271 0.200346 
0.0848264 0 0.000342199 0 0 0.00575971 0.658795 
0.577684 0.210552 0.783761 0 1 
0.659679 0.663712 0.71001 0.33921 0.534458 
0.131156 
0.353247 0.026151 0.0315429 0.77845 0.110124 0.556135 0.753632 
0.626352 0.946459 0.000791281 0 0.167771 0.614582 0.5786 
0.357458 0.494231 0.511892 0.368435 0.702306 0.493931 0.378299 
0.131401 0.602908 0.301439 0.408874 0.40372 0.763086 0.312052 
0.0903801 0.00383979 0.0099117 0 0 0.0441056 0.633379 
0.515801 0.0903116 0.75488 0.0320833 1 
0.661422 0.665219 0.770352 0.287831 0.619246 
0.116788 
0.35029 0.0602403 0 0.788877 0.108275 0.547427 0.768316 
0.700627 0.934848 0 0 0.171173 0.691725 0.56803 
0.375216 0.519107 0.493595 0.439616 0.763701 0.543351 0.394666 
0.0746862 0.645262 0.35963 0.372088 0.454256 0.771867 0.281792 
0.137602 0 0.0144081 0.0232056 0 0.00774257 0.671429 
0.561487 0.140339 0.825753 0 1 
0.664465 0.67428 0.816538 0.318569 0.583065 
0.152649 
0.409357 0.00793411 0 0.741498 0.121263 0.488464 0.78347 
0.758871 1 0.0095063 0 0.149555 0.65322 0.588783 
0.430752 0.516874 0.492643 0.466483 0.794083 0.460549 0.443417 
0.04616 0.620358 0.323071 0.392346 0.421345 0.748141 0.302781 
0.12359 0.0165491 0.0240494 0 0 0.0374072 0.692833 
0.506831 0.17697 0.783978 0 0.982794 
0.670729 0.684674 0.810134 0.316969 0.629173 
0.122406 
0.403062 0 0.0531558 0.753853 0.179433 0.522767 0.761106 
0.659838 0.950655 0.0128016 0.0320922 0.230405 0.654824 0.588682 
0.40813 0.500746 0.563744 0.473307 0.761299 0.495124 0.359132 
0.0700186 0.56178 0.335353 0.370936 0.472011 0.760928 0.332258 
0.0908337 0 0.023675 0 0.000732901 0 0.658122 
0.518533 0.116028 0.844623 0.00423014 1 
0.701929 0.618552 0.800127 0.389685 0.563609 
0.121675 
0.325343 0 0.0390066 0.759103 0.106597 0.525234 0.767782 
0.690277 1 0.00338755 0.0147074 0.204239 0.619166 0.557092 
0.367262 0.491877 0.44998 0.401015 0.733874 0.48391 0.422683 
0.150155 0.58187 0.276173 0.365021 0.502756 0.724674 0.263137 
0.105499 0 0.00869949 0 0.00935171 0.00384323 0.672712 
0.520359 0.20664 0.875009 0.00811628 0.919079 
0.719259 0.631427 0.752325 0.278352 0.592474 
0.0984974 
0.427264 0.0235854 0.0623099 0.760832 0.135189 0.496519 0.795028 
0.640055 0.962637 0.0328854 0.0661332 0.248574 0.629179 0.558592 
0.413101 0.458126 0.543859 0.447415 0.785512 0.494311 0.349147 
0.0200569 0.541279 0.339146 0.324697 0.423628 0.704312 0.354639 
0.125701 0 0.0231794 0 0.000421032 0 0.657772 
0.506626 0.13125 0.840566 0.0416072 1 
0.727364 0.630084 0.791464 0.426903 0.506723 
0.0838631 
0.387167 0.0519166 0.0947012 0.784819 0.112897 0.501802 0.811727 
0.6763 0.902856 0.0522192 0.0351481 0.220793 0.6303 0.548255 
0.400343 0.477712 0.5389 0.437793 0.752745 0.490542 0.325748 
0.0526128 0.51071 0.350642 0.363848 0.421032 0.715558 0.310872 
0.134675 0.000616116 0.0224489 0 0.00949052 0 0.613289 
0.490878 0.114156 0.864869 0.0633155 1 
0.67688 0.665148 0.77733 0.467923 0.459361 
0.0945761 
0.411619 0.0690523 0.0707579 0.837837 0.0665842 0.553035 0.850422 
0.685429 0.893364 0.0660368 0 0.20317 0.627618 0.578818 
0.446348 0.44389 0.591356 0.415773 0.81416 0.510171 0.360319 
0.070577 0.544394 0.387358 0.420291 0.418656 0.747909 0.327099 
0.163829 0 0.0405226 0 0 0 0.664887 
0.540785 0.161105 0.921642 0.0930993 1 
0.724059 0.726913 0.763246 0.509273 0.501921 
0.073713 
0.452627 0 0.0911854 0.703119 0.162136 0.49222 0.763084 
0.674005 1 0.118292 0.0807415 0.208663 0.553444 0.571086 
0.358947 0.429598 0.60323 0.420742 0.677435 0.526974 0.354732 
0.0626221 0.580351 0.311468 0.309068 0.434574 0.710033 0.355387 
0.0830078 0 0.00422987 0 0.0247706 0 0.675333 
0.508943 0.0127737 0.772449 0.0530481 0.915948 
0.804983 0.668531 0.831184 0.420701 0.413596 
0.14087 
0.471051 0.0928605 0.11128 0.807123 0.0343889 0.523614 0.876753 
0.684012 0.964842 0.09769 0.0584805 0.129558 0.560971 0.594256 
0.39573 0.503669 0.594252 0.393783 0.843879 0.599253 0.420971 
0.092297 0.553513 0.398385 0.45027 0.441913 0.762191 0.301142 
0.163445 0.00445443 0.0164895 0 0 0 0.701284 
0.532266 0.0875977 0.993697 0.161276 1 
0.759118 0.663507 0.702078 0.515939 0.442553 
0.0532733 
0.486788 0.109489 0.0854617 0.736708 0.0501142 0.467844 0.887807 
0.652329 0.949171 0.116209 0.0108146 0.146844 0.538925 0.581625 
0.362649 0.512193 0.602699 0.373835 0.828004 0.570856 0.434842 
0.115868 0.495722 0.425297 0.408143 0.387767 0.766163 0.243792 
0.127327 0 0.00272298 0.0321036 0.00309889 0.0392138 0.68427 
0.523219 0.0372444 0.956414 0.143385 1 
0.736654 0.628741 0.670009 0.488147 0.467562 
0.0628335 
0.459651 0.136511 0.152035 0.765011 0.0273792 0.471235 0.828072 
0.680581 0.954485 0.0568583 0.0670724 0.137776 0.523111 0.613768 
0.352443 0.462936 0.607042 0.364116 0.830504 0.595684 0.4471 
0.0939121 0.555817 0.38137 0.424084 0.41489 0.730885 0.263022 
0.111629 0 0.0242364 0 0 0 0.710398 
0.505674 0.0482342 1 0.160474 0.931876 
0.766726 0.593834 0.635666 0.481979 0.429732 
0.0618384 
0.45299 0.165073 0.190294 0.804731 0.0707577 0.423504 0.86377 
0.689747 0.987789 0.0466122 0.0555452 0.186253 0.473177 0.658295 
0.385798 0.417432 0.617713 0.320798 0.82827 0.570357 0.492176 
0.0830296 0.566287 0.379623 0.373607 0.408126 0.719534 0.252254 
0.0638704 0 0.016141 0 0.0279871 0 0.661421 
0.469277 0.0899342 1 0.114774 0.946223 
0.774635 0.634208 0.639455 0.491281 0.416489 
0.0781313 
